id,SpeedMean,SpeedVariance,TotalDistance,LocationVariance,CircadianMovement,NumberofClusters,Entropy,NormalizedEntropy,ContinuousEntropy,HomeStay,TransitionTime,PHQ9Base
u00,4.02166490002891e-05,7.35133140812344e-07,12.3352231024083,-5.92159909587068,6.42874019960558,3,0.812398703297159,0.739477167401852,2.00075674879483,0.575301204819277,0.643010752688172,2
u01,3.72626143496471e-07,1.78329546668022e-12,0.447205594379925,-12.3368863462106,-0.303252429095829,1,0.0,0.0,1.42436350527089,1.0,0.0072840790842871,5
u02,1.4590561331484e-06,1.7812205766867801e-10,3.00093453659364,-5.24023486201471,5.18465112963137,1,0.0,0.0,2.35692904504623,1.0,0.0856269113149847,13
u05,9.24497862424532e-07,4.14017014616806e-11,3.48015079496296,-3.00815865285124,7.66670993549313,2,0.150584459230958,0.21724745256745,0.301168918461916,0.965340179717587,0.130580357142857,2
u08,4.91520194419396e-07,1.44780446547686e-12,2.30335434396897,-5.79355166756716,3.9794066869288,1,0.0,0.0,3.12516892131597,1.0,0.0255885363357216,5
u09,8.19672444638673e-07,1.7250458158405e-11,4.72134864670915,-3.65724856630846,6.93011416913669,1,0.0,0.0,1.64505382447408,1.0,0.0766129032258065,4
u10,5.47388688147888e-07,7.56724842334049e-12,0.447415882891791,-12.3453960497741,1.08591733622967,1,0.0,0.0,2.75509233952158,1.0,0.0259579728059333,0
u12,8.99263487187516e-06,1.6294658207138802e-09,28.4324305304825,1.38405901224144,10.2836059768454,4,0.752798340142147,0.543029216056259,0.915869723556029,0.784869976359338,0.534140969162996,1
u13,9.027259717161e-07,3.8915060938435395e-11,1.49313053296108,-7.12358240926872,6.35692940130619,3,0.664819223808424,0.605144536126034,1.28808796745347,0.696646341463415,0.2,4
u14,7.79898365630192e-07,4.0532729311761096e-11,0.523751263412842,-12.8177840673597,-1.16409514369181,1,0.0,0.0,2.51383783874531,1.0,0.0542476970317298,1
u16,4.94659958271893e-07,7.6881639213993e-12,0.748345467099951,-10.2353978667009,0.627865558131719,1,0.0,0.0,1.73264209389291,1.0,0.0339912280701754,6
u17,5.61402060803754e-07,2.1611369940649897e-11,0.316402106861007,-12.5209710743185,0.1254485880667,1,0.0,0.0,1.69450210061605,1.0,0.071957671957672,13
u18,3.215280251753e-07,9.83933797161652e-13,0.343520953042444,-12.7713207026455,-1.35887841938035,1,0.0,0.0,1.52083272620696,1.0,0.0011025358324146,15
u19,8.03642556965899e-07,5.7112994251752794e-11,2.56105661133768,-6.6777248439012,2.93885625639078,2,0.68343419974025,0.985987130739176,2.78783668335129,0.569575471698113,0.0252873563218391,5
u22,5.25501809647856e-07,1.7745729347461598e-11,0.379513832790508,-12.5610583126442,-1.15883314523887,1,0.0,0.0,1.76395836205175,1.0,0.0374220374220374,3
u27,4.3652838425354e-07,1.2534869184561799e-11,0.27755940149082,-13.1727265352203,-1.60402491940436,1,0.0,0.0,1.6942503398471,1.0,0.036773428232503,5
u30,1.19233692617301e-06,7.800680757225529e-11,13.8683706209775,0.46044888851178,10.9853603886169,2,0.381241066274227,0.550014595697048,0.762482132548453,0.872689938398357,0.208130081300813,1
u31,4.76668882065001e-06,8.179058306745481e-10,5.46557897876524,-3.2063672955871,7.79427320605996,2,0.503272757265287,0.726069111121145,1.22271210902673,0.797919762258544,0.274002157497303,12
u35,9.28128081401602e-07,1.59584577800579e-10,0.875505881725564,-9.6795520300407,0.442239552222057,1,0.0,0.0,2.06688925330523,1.0,0.0610211706102117,7
u36,1.36827704286588e-06,5.1427566584774895e-11,2.1081059058991,-7.01572392822075,6.73965581751591,2,0.690280377300259,0.995864077154047,1.38056075460052,0.537842190016103,0.300675675675676,2
u43,1.21704541602558e-06,1.52690924726465e-10,3.89653425992872,-0.638649757961193,9.4360161457875,2,0.453940678156476,0.654897965234122,0.907881356312953,0.831223628691983,0.156583629893238,7
u44,8.47577106347758e-07,1.3402551625514098e-11,0.610549430379041,-8.80019749002092,5.27149127200775,2,0.691772245459969,0.99801638794972,1.58053691859391,0.52621359223301,0.122657580919932,1
u45,3.75332797419177e-06,1.9524110620335602e-10,1.95384122480104,-7.48319783562747,6.36978457650066,3,0.651026440190306,0.592589803432447,1.61402980471502,0.681159420289855,0.432876712328767,7
u47,9.84865510992469e-07,3.17147774745353e-11,0.925975803059472,-7.63846489115049,6.27939277862614,2,0.669703107035711,0.966177351388351,1.81230698887629,0.607843137254902,0.148225469728601,5
u49,9.59794679944945e-06,1.8472712627089501e-09,4.94594779484613,-0.877212717153367,9.719874176074,2,0.400677854307908,0.57805595340405,0.801355708615816,0.862348178137652,0.148275862068965,2
u51,6.68201389401948e-07,2.3943215458940698e-11,1.16713966189678,-7.46183900235974,3.8496628085632,3,0.710384747501455,0.646620063173226,0.88629285291981,0.57877094972067,0.0417558886509636,1
u52,2.85519758459514e-06,2.2077812209926e-09,2.83616606485654,-6.45146729600343,2.20998685091417,1,0.0,0.0,1.479634600403,1.0,0.0131736526946108,12
u53,1.72733740934842e-06,3.62339309644585e-10,2.88522246045969,-3.45876838458702,6.83974263897009,2,0.0939767178577791,0.135579744812439,0.187953435715558,0.981036662452592,0.104190260475651,8
u56,1.57052001779177e-05,8.258699623024531e-09,17.3775579243271,-0.483101624138687,11.4152991974967,3,0.972926863987903,0.885596196240823,1.38457292756922,0.544910179640719,0.455138662316476,2
u57,1.07342201995317e-05,2.64483554480163e-09,35.3556166185216,2.88388021686029,13.3902357909889,3,0.274145454715852,0.249537946683819,0.464167117457639,0.938129496402878,0.154501216545012,0
u58,2.69411182309023e-06,4.05128665435523e-10,3.19062798020613,-5.10261162499605,5.53924302236083,1,0.0,0.0,0.630022817860276,1.0,0.124223602484472,5
u59,2.06197407329744e-05,1.1185562345645e-08,6.42974616369644,-5.8222609953243,3.41104643643134,1,0.0,0.0,2.97653046839158,1.0,0.285454545454545,5
u00,4.21597139215332e-05,9.75633276504659e-07,4.57603434180857,-6.579818407205,7.21526163974594,3,1.03673464098108,0.943676537823873,2.28426391884901,0.483679525222552,0.51994301994302,2
u01,4.65179519032746e-07,3.8679652233207395e-12,0.369541479223461,-12.1340563587731,0.363760431485874,1,0.0,0.0,1.71845416135546,1.0,0.0185714285714286,5
u02,1.14406421499016e-06,8.864048786796639e-11,1.06864567432694,-7.57063759750422,4.26921067747247,1,0.0,0.0,2.25989829011366,1.0,0.061711079943899,13
u05,6.43670957326293e-07,1.08053729190747e-11,0.432307975015513,-11.8891731588719,1.07591851522201,1,0.0,0.0,2.52322273813512,1.0,0.0691114245416079,2
u08,4.60769997946867e-07,1.35591039224714e-12,0.404134040479778,-12.0143920683139,0.14237758340525,1,0.0,0.0,2.42122568995963,1.0,0.0013966480446927,5
u09,7.31240771703812e-07,1.5986401646299297e-11,0.622437471135129,-9.32314470622016,3.3162506813049,2,0.127794248736382,0.184368128906109,1.59368415468812,0.971978984238179,0.0639344262295082,4
u10,4.62703634981779e-07,1.5985565989733399e-12,0.377912866992379,-12.274717006699,1.20561215443893,1,0.0,0.0,2.69893261974137,1.0,0.00557880055788,0
u12,1.05806664099162e-05,2.09820109811333e-09,24.2225795574051,1.51594918151368,10.4337849933197,3,0.55822439004858,0.508117737082057,0.614969016545747,0.83617747440273,0.56006006006006,1
u13,1.25864224453276e-06,5.0529647134498096e-11,1.30471653638223,-7.02458650423818,7.11921739604616,2,0.691575114409204,0.997731987960376,1.42640646113981,0.528028933092224,0.22112676056338,4
u14,6.51359436041355e-07,3.08393257546037e-11,0.383450007946973,-12.8216677290067,-0.257431750232136,1,0.0,0.0,2.60805509286581,1.0,0.0283286118980169,1
u16,4.21330193871719e-07,2.18487603230648e-12,0.657609645763308,-9.8372033746668,1.54273443856407,1,0.0,0.0,1.56952102124902,1.0,0.0202020202020202,6
u17,7.63370913207654e-07,3.1850549913437e-11,0.265729402981076,-12.2492165532581,1.01164957498393,1,0.0,0.0,1.69243997666736,1.0,0.120343839541547,13
u18,3.66540319090058e-07,9.85140867064995e-13,0.333208672899819,-12.3059478627567,-1.11288205526693,1,0.0,0.0,1.95314457059019,1.0,0.0013966480446927,15
u19,5.7782914928731e-07,4.0853285029729496e-12,0.496593302519927,-10.4384280653696,2.78565187777086,1,0.0,0.0,1.99256574845601,1.0,0.0488826815642458,5
u22,1.20742974475015e-06,4.42507464239676e-10,0.282272256405554,-12.4432431252821,-0.518150418178982,1,0.0,0.0,2.24217887721255,1.0,0.0580736543909348,3
u27,3.78366476843951e-07,1.79187999455393e-12,0.250920373034206,-12.9531026895855,-1.10477582855997,1,0.0,0.0,1.75168544026533,1.0,0.0104790419161677,5
u30,7.02574798601001e-07,4.64287409621325e-12,0.44197686786575,-12.0986371126146,0.633890206729545,1,0.0,0.0,2.41057290084898,1.0,0.0558139534883721,1
u31,1.64938781479472e-06,3.7263533503748695e-11,1.57275327320105,-8.43978989321076,5.20350258011938,2,0.664844241058118,0.959167489538133,1.67207993395718,0.61839530332681,0.279266572637518,12
u35,8.46094890851207e-07,1.56589122051499e-10,0.386966095243273,-11.1605330825404,1.452588908939,1,0.0,0.0,2.27943002171816,1.0,0.0608695652173913,7
u36,1.44585659448533e-06,5.54477379019812e-11,1.53503650275497,-7.03218596397426,7.32545120114355,2,0.681467046301406,0.983149128228288,1.37692553661576,0.576271186440678,0.338935574229692,2
u43,7.97549821856519e-07,1.92304486052197e-11,0.940561154903454,-9.37841874282017,0.577952970305062,1,0.0,0.0,1.91092332545506,1.0,0.0728862973760933,7
u44,1.31414363763394e-06,3.45809475377495e-11,0.924637151158266,-8.85318874661871,5.14952535259289,2,0.629187576667141,0.907725796646629,1.50961347344774,0.676895306859206,0.200577200577201,1
u45,3.15406040828284e-06,3.75367394447012e-10,4.67439621638541,-5.22194700924171,6.57995279607513,2,0.664000513076679,0.957950247363452,1.94931419843482,0.62012987012987,0.35966735966736,7
u47,1.56291795526306e-06,5.95050349563395e-11,0.86189668603727,-7.66477084464316,6.43437313306146,2,0.690254612447652,0.99582690632896,2.04687642611688,0.538011695906433,0.202797202797203,5
u49,4.84628289047687e-06,8.954326034103701e-10,4.34072487201317,-2.85256361007344,9.04129007358737,1,0.0,0.0,2.98619071961817,1.0,0.0739130434782609,2
u51,4.67112677157909e-07,3.94726170498747e-12,0.414402405252719,-10.0971956406647,4.19005389019673,2,0.662902983245538,0.956366846518837,1.61258329573789,0.622347949080622,0.0111888111888112,1
u52,6.12715160963732e-06,5.333100221632441e-09,5.01955809210057,-5.56918347612226,4.40974331928782,1,0.0,0.0,1.40771402598739,1.0,0.1,12
u53,1.77757212725864e-06,5.152447439046691e-10,0.302029438635286,-11.7231485573945,0.905242153809947,1,0.0,0.0,1.73329163720496,1.0,0.117557251908397,8
u56,3.68615812031497e-06,1.5119881929355e-09,4.21390840600496,-3.43221954272824,7.88698681792013,3,0.823479254517497,0.749563119775251,1.0919181585601,0.657786885245902,0.243410852713178,2
u57,8.38068298658881e-06,2.08657934700406e-09,32.6839795344587,1.7625341117072,13.8616879269093,1,0.0,0.0,2.01538965351387,1.0,0.0879629629629629,0
u58,4.55199173264084e-06,7.77051646959729e-10,5.23385920455741,-4.54324400545448,6.93949848549765,1,0.0,0.0,0.897087011755852,1.0,0.0973724884080371,5
u59,2.75086363925069e-05,1.52510541172694e-08,8.13127403237177,-5.05970799967133,5.16369855947292,1,0.0,0.0,2.72129063247788,1.0,0.302110817941952,5
u00,9.16213511962997e-05,1.08257747597552e-06,6.01922546401053,-5.40994864036575,5.03598378593391,1,0.0,0.0,2.45844119827165,1.0,0.681159420289855,2
u01,9.25153148512124e-07,1.02506764860929e-10,0.0715055074196553,-14.0286599512706,-3.04387184176142,1,0.0,0.0,1.3432941097331,1.0,0.0942028985507246,5
u02,4.6615460065604e-07,3.70689495964769e-12,0.135543388145761,-11.5681102215153,0.98813795398352,1,0.0,0.0,2.18559727945307,1.0,0.024390243902439,13
u05,2.94691397350216e-06,1.7110720298489602e-09,0.11319926739463,-12.3301549565443,-1.1595051734875,1,0.0,0.0,1.65900379835397,1.0,0.108,2
u08,2.86046158335196e-07,5.98721287213372e-13,1.81962068995018,-4.5165061826998,5.57942612512543,1,0.0,0.0,2.07774586396787,1.0,0.0922509225092251,5
u09,5.22097749316582e-07,6.119427185271949e-12,0.526599070068433,-8.27263365196856,1.90973859550659,1,0.0,0.0,1.02225492419583,1.0,0.0196850393700787,4
u10,6.39003864855285e-07,1.80534970599578e-11,0.146901338591175,-12.5777445529096,-0.561647051559134,1,0.0,0.0,2.30870806175297,1.0,0.0627177700348432,0
u12,8.56807487172688e-06,1.60678996777443e-09,20.9090671255048,0.813157755186373,10.8878359818953,3,0.598964352390279,0.545200848896772,1.02137733771996,0.792452830188679,0.364,1
u13,5.18157648943575e-06,1.0528976977629101e-09,1.42412951183976,-6.53836419573825,5.44999791126119,2,0.668398605840635,0.964295353983381,1.73286160303781,0.610778443113773,0.301255230125523,4
u14,3.87689458005144e-07,1.9530730690387198e-12,0.100091674824799,-13.7556284169672,-3.11282080316397,1,0.0,0.0,2.33696248011778,1.0,0.0041152263374485,1
u16,3.91100998604008e-07,1.76338752072309e-11,0.046991102746734,-14.2563867596838,-3.59411282725921,1,0.0,0.0,1.40746033656748,1.0,0.0557491289198606,6
u17,1.18164970101165e-07,1.4277379802083799e-13,0.0546470408779973,-13.9226004388953,-3.03004536414653,1,0.0,0.0,0.939978245163753,1.0,0.0036900369003689,13
u18,2.0608275487821e-07,1.15878667586227e-12,0.0338077526737108,-14.0185100052518,-3.81179686974862,1,0.0,0.0,0.790559629681771,1.0,0.0049504950495049,15
u19,2.16873747115684e-07,5.66339697050043e-13,0.0888246868521129,-11.4521868321761,0.0205829132760504,1,0.0,0.0,3.13926962590463,1.0,0.0036231884057971,5
u22,3.17905016395071e-07,7.60424048870115e-13,0.11351385102451,-12.5535744163089,-2.92268281629924,1,0.0,0.0,2.11881675007066,1.0,0.0037878787878787,3
u27,1.89039112290453e-07,1.5361834680141399e-12,0.0451594771272296,-13.9196794133456,-3.12629551491848,1,0.0,0.0,0.542606842670422,1.0,0.0041666666666666,5
u30,4.75686068008071e-07,1.13451038644326e-11,13.5303777258,0.755423222665587,12.4367923860828,2,0.45704453303756,0.659375881278699,0.914089066075119,0.829268292682927,0.276470588235294,1
u31,1.20214807039971e-05,2.6345641568256104e-09,4.33659584216165,-1.35922753838694,10.1576807814288,2,0.53229554123323,0.767940137624488,1.42813746581134,0.775700934579439,0.213235294117647,12
u35,9.32322784831472e-07,9.304713144042809e-11,0.430344906760747,-8.49479483851374,0.763439920870115,1,0.0,0.0,1.51358520703027,1.0,0.0052910052910053,7
u36,1.62696775668027e-06,6.75888574633528e-11,0.658236813082474,-7.01574202999329,5.7783332853537,4,0.765716201955932,0.552347483645078,1.55616008418805,0.637305699481865,0.318021201413428,2
u43,1.94788503393359e-06,3.74745809989831e-10,1.91842084800691,-0.247678824603339,9.33521906181716,2,0.691064568948292,0.996995426555769,1.38212913789658,0.532258064516129,0.162162162162162,7
u44,5.09498566600517e-07,8.17638415438643e-12,0.202447954905574,-8.89380294570866,3.83626907685174,2,0.640692221861225,0.924323491215321,1.28138444372245,0.660516605166052,0.0036764705882352,1
u45,8.00908035208866e-06,1.75892076920842e-09,2.26875148091106,-3.93899023240018,7.10883752878771,2,0.590842246275582,0.852405178649478,1.45528027717833,0.722222222222222,0.28,7
u47,8.74294867472565e-07,2.74936292211717e-11,0.10479858010913,-8.89276421100458,0.0,2,0.196094659620907,0.282904792979892,0.392189319241814,0.950819672131147,0.0962962962962963,5
u49,1.02025134881283e-05,2.29386852536243e-09,5.84510674218391,-0.344263064110671,11.5828378282171,2,0.62879939409378,0.907165767573082,1.25759878818756,0.67741935483871,0.248484848484849,2
u51,4.8348096337109e-07,9.27389528327417e-12,0.564350187418325,-6.34762203078102,4.84116216985898,3,0.697902358587166,0.635258103141428,0.935567378743656,0.683794466403162,0.052434456928839,1
u52,4.24368236174797e-07,1.1536100874906e-12,0.110497523377356,-13.1552314767069,-2.91095487107188,1,0.0,0.0,1.42202703656618,1.0,0.004524886877828,12
u53,2.06383462432565e-06,7.157614412950701e-10,0.173169249384214,-9.97200731433806,-0.459706265602652,1,0.0,0.0,2.59172857886238,1.0,0.0984251968503937,8
u56,2.19430448152508e-07,2.96696722291667e-12,2.23593075580127,-2.10112735612408,9.20484718744285,2,0.660298387748765,0.952609209512121,1.32059677549753,0.627450980392157,0.260869565217391,2
u57,8.74131737674003e-06,2.1990003106514203e-09,14.4521254315162,3.62510637356391,13.2887894609357,3,0.590682254553805,0.537662158567253,1.01633605515835,0.794326241134752,0.298507462686567,0
u58,1.74219206356e-06,8.07154593001857e-11,0.57235846112787,-8.07993992049986,3.29237856169895,1,0.0,0.0,0.840625904727532,1.0,0.228571428571429,5
u59,1.24255958172875e-05,8.97141931166577e-09,0.764000282911082,-9.3570541250062,-0.0990531958079259,1,0.0,0.0,2.79546050044238,1.0,0.319875776397516,5
